0
0.09956784659581666
0.19814614319939758
0.2947551744109042
0.38843479627469474
0.47825397862131824
0.5633200580636221
0.6427876096865394
0.7158668492597184
0.7818314824680298
0.8400259231507715
0.8898718088114687
0.9308737486442042
0.962624246950012
0.9848077530122081
0.9972037971811801
0.9996891820008162
0.9922392066001721
0.9749279121818236
0.9479273461671317
0.9115058523116731
0.8660254037844386
0.8119380057158564
0.7497812029677341
0.6801727377709194
0.6038044103254774
0.5214352033794981
0.43388373911755823
0.34202014332566844
0.24675739769029342
0.14904226617617428
0.04984588566069704
-0.04984588566069723
-0.14904226617617447
-0.24675739769029362
-0.34202014332566866
-0.433883739117558
-0.5214352033794983
-0.6038044103254775
-0.6801727377709195
-0.7497812029677342
-0.8119380057158565
-0.8660254037844388
-0.9115058523116731
-0.9479273461671318
-0.9749279121818236
-0.9922392066001721
-0.9996891820008162
-0.9972037971811801
-0.984807753012208
-0.962624246950012
-0.9308737486442041
-0.8898718088114687
-0.8400259231507713
-0.7818314824680299
-0.7158668492597183
-0.6427876096865389
-0.563320058063622
-0.4782539786213178
-0.38843479627469474
-0.2947551744109039
-0.19814614319939772
-0.09956784659581641
-2.4492935982947064e-16
